342
7
2

1
1
6


1
0
1
1
1
5304
0
0
0
0
100
0
0
26
1024
20000
23198
256
2048
512
12055
32604
32441
28000
1024
0
5
-96
-85
-75
-11
0
-96
-85
-75
-11
0
50
1000
0
0
0
-90
1
200




1
0
1
1
1
5304
0
0
0
0
100
0
0
26
1024
20000
23198
256
2048
512
12055
32604
32441
28000
1024
0
5
-96
-85
-75
-11
0
-96
-85
-75
-11
0
50
1000
0
0
0
-90
1
200




1
0
1
1
1
5304
0
0
0
0
100
0
0
26
1024
20000
23198
256
2048
512
12055
32604
32441
28000
1024
0
5
-96
-85
-75
-11
0
-96
-85
-75
-11
0
50
1000
0
0
0
-90
1
200




1
0
1
1
1
5304
0
0
0
0
100
0
0
26
1024
20000
23198
256
2048
512
12055
32604
32441
28000
1024
0
5
-96
-85
-75
-11
0
-96
-85
-75
-11
0
50
1000
0
0
0
-90
1
200




1
0
1
1
1
5304
0
0
0
0
100
0
0
26
1024
20000
23198
256
2048
512
12055
32604
32441
28000
1024
0
5
-96
-85
-75
-11
0
-96
-85
-75
-11
0
50
1000
0
0
0
-90
1
200




1
0
1
12
1
1024
0
0
0
0
100
0
0
26
1024
20000
23198
256
2048
512
12055
32604
32441
28000
1024
1
5
-96
-50
-9
-3
0
-96
-50
-6
-3
0
50
1000
0
0
0
-90
1
200


1
64
1475
-72
868
42
777
90
371
-74
198
-45
119
-38
74
11
56
34
29
10
19
3
-2
-1
0
-1
0
7
11
12
11
14
16
17
13
10
8
8
6
4
0
-1
-3
-4
-5
-5
-5
-5
-5
-5
-4
-3
-2
-1
-1
0
0
0
0
0
0
0
0
0
0
0
