207
7
3

1
1

1
0
0
280
1
9
1
200
1
191
0
8192
2048
0
128
8192
4096
128
8192
2048
2
776
2000
1000
384
384
128
2000
280
5204
16384
512
512
768
150
16384
16384
1
8000
32
64
64
16688
512
0
2549
14
0
8192
8192
2048
40
2048
1568
40
2048
1568
1
776
32
1024
800
32
1024
800
1
776
1
32767
8192
23062
-11398
-2622
4704
8698
8807
4494
835
481
209
6655
7358
-1669
4806
-598
-880
16
655
1024
16
1638
181
10
16384
10000
16000
5000
128
9830
16384
6554
6554
9830
512
12288
10240
400
230
26213
0
7
16384
256
4096
12055
32442
23170
4096
0
0
1
5
-80
-74
-70
-24
0
-96
-90
-70
-24
0
50
50
0
0
0
64
2899
857
834
-1026
208
326
200
-82
27
38
-102
-167
-69
9
5
18
75
91
38
-17
-32
-25
-17
-9
0
3
2
1
0
0
0
0
0
0
0
0
0
0
0
0
0
0
0
0
0
0
0
0
0
0
0
0
0
0
0
0
0
0
0
0
0
0
0
0
